Frequency (Hz)	Level (dB)
43.066406	-36.649525
86.132812	-39.809525
129.199219	-39.980869
172.265625	-41.942448
215.332031	-42.163086
258.398438	-39.225655
301.464844	-36.964497
344.531250	-37.207645
387.597656	-36.869064
430.664062	-35.992001
473.730469	-36.957573
516.796875	-37.247643
559.863281	-37.596146
602.929688	-36.693192
645.996094	-36.500656
689.062500	-38.494152
732.128906	-39.931210
775.195312	-40.883991
818.261719	-41.044643
861.328125	-43.009739
904.394531	-43.468258
947.460938	-42.084663
990.527344	-41.722324
1033.593750	-40.849865
1076.660156	-38.587147
1119.726562	-38.376965
1162.792969	-38.249226
1205.859375	-37.353653
1248.925781	-38.328686
1291.992188	-39.961571
1335.058594	-39.894520
1378.125000	-40.919388
1421.191406	-41.725609
1464.257812	-40.383301
1507.324219	-40.979221
1550.390625	-42.165985
1593.457031	-41.669147
1636.523438	-40.818626
1679.589844	-40.290039
1722.656250	-39.731304
1765.722656	-39.026695
1808.789062	-41.427185
1851.855469	-43.254639
1894.921875	-42.178574
1937.988281	-41.577160
1981.054688	-40.403675
2024.121094	-37.461922
2067.187500	-35.232094
2110.253906	-35.230095
2153.320312	-35.264179
2196.386719	-35.210514
2239.453125	-35.812428
2282.519531	-34.588257
2325.585938	-31.172176
2368.652344	-31.599733
2411.718750	-35.264484
2454.785156	-35.725964
2497.851562	-39.278450
2540.917969	-42.935760
2583.984375	-40.637310
2627.050781	-36.837536
2670.117188	-35.138798
2713.183594	-35.924503
2756.250000	-36.839710
2799.316406	-35.981731
2842.382812	-35.759468
2885.449219	-37.043293
2928.515625	-37.629520
2971.582031	-38.685120
3014.648438	-42.525005
3057.714844	-49.293411
3100.781250	-51.513393
3143.847656	-53.900211
3186.914062	-53.752522
3229.980469	-52.556610
3273.046875	-50.339577
3316.113281	-48.793671
3359.179688	-48.775059
3402.246094	-46.552341
3445.312500	-45.707935
3488.378906	-45.370232
3531.445312	-45.416737
3574.511719	-45.782845
3617.578125	-43.754730
3660.644531	-42.289337
3703.710938	-39.202309
3746.777344	-37.249088
3789.843750	-38.244064
3832.910156	-38.207321
3875.976562	-36.074432
3919.042969	-36.324520
3962.109375	-35.816517
4005.175781	-37.250732
4048.242188	-40.251282
4091.308594	-42.704361
4134.375000	-42.925064
4177.441406	-42.094040
4220.507812	-42.594975
4263.574219	-44.071880
4306.640625	-43.710159
4349.707031	-42.215099
4392.773438	-41.622849
4435.839844	-40.267181
4478.906250	-41.517078
4521.972656	-42.590981
4565.039062	-40.614132
4608.105469	-41.134007
4651.171875	-42.962265
4694.238281	-42.938816
4737.304688	-43.897552
4780.371094	-48.134331
4823.437500	-50.136276
4866.503906	-46.885056
4909.570312	-44.088150
4952.636719	-42.482178
4995.703125	-43.638645
5038.769531	-44.617077
5081.835938	-43.691616
5124.902344	-42.336590
5167.968750	-40.843018
5211.035156	-41.204727
5254.101562	-41.519089
5297.167969	-43.930443
5340.234375	-44.931828
5383.300781	-44.078804
5426.367188	-44.087685
5469.433594	-45.518909
5512.500000	-47.145641
5555.566406	-48.091919
5598.632812	-45.296940
5641.699219	-41.697536
5684.765625	-39.283962
5727.832031	-38.388752
5770.898438	-40.622864
5813.964844	-42.347633
5857.031250	-44.068047
5900.097656	-44.023487
5943.164062	-43.668835
5986.230469	-42.138794
6029.296875	-43.402691
6072.363281	-45.713726
6115.429688	-45.826939
6158.496094	-45.156887
6201.562500	-43.417355
6244.628906	-42.779900
6287.695312	-42.507442
6330.761719	-42.920582
6373.828125	-43.872044
6416.894531	-42.223839
6459.960938	-41.290726
6503.027344	-41.955845
6546.093750	-42.704147
6589.160156	-43.583160
6632.226562	-46.649944
6675.292969	-46.518982
6718.359375	-45.384991
6761.425781	-44.163013
6804.492188	-45.020645
6847.558594	-44.420414
6890.625000	-43.029690
6933.691406	-41.931934
6976.757812	-42.752129
7019.824219	-44.450367
7062.890625	-45.353565
7105.957031	-45.798855
7149.023438	-45.716896
7192.089844	-44.849457
7235.156250	-41.921486
7278.222656	-39.674465
7321.289062	-38.400745
7364.355469	-38.582607
7407.421875	-37.991352
7450.488281	-37.052773
7493.554688	-37.274426
7536.621094	-38.473160
7579.687500	-40.172817
7622.753906	-42.029961
7665.820312	-43.619370
7708.886719	-46.621651
7751.953125	-48.784458
7795.019531	-48.398060
7838.085938	-46.038116
7881.152344	-47.219769
7924.218750	-45.774284
7967.285156	-43.856689
8010.351562	-43.797264
8053.417969	-42.998150
8096.484375	-43.029209
8139.550781	-42.418774
8182.617188	-42.311939
8225.683594	-43.751633
8268.750000	-43.704185
8311.816406	-44.995247
8354.882812	-45.792675
8397.949219	-44.182465
8441.015625	-43.412243
8484.082031	-44.181156
8527.148438	-42.342743
8570.214844	-41.458843
8613.281250	-41.760410
8656.347656	-41.719864
8699.414062	-43.249237
8742.480469	-43.302021
8785.546875	-43.780731
8828.613281	-42.581783
8871.679688	-39.930992
8914.746094	-39.348557
8957.812500	-40.790344
9000.878906	-41.507668
9043.945312	-38.904770
9087.011719	-38.534077
9130.078125	-41.767662
9173.144531	-44.427307
9216.210938	-42.856163
9259.277344	-44.972301
9302.343750	-45.816822
9345.410156	-44.215885
9388.476562	-46.744522
9431.542969	-47.992970
9474.609375	-43.504093
9517.675781	-42.842922
9560.742188	-40.434029
9603.808594	-39.505615
9646.875000	-40.916004
9689.941406	-40.997421
9733.007812	-39.235729
9776.074219	-38.731792
9819.140625	-38.989521
9862.207031	-40.017521
9905.273438	-39.608932
9948.339844	-39.813820
9991.406250	-40.979012
10034.472656	-42.516041
10077.539062	-44.924118
10120.605469	-44.129017
10163.671875	-42.726219
10206.738281	-42.864239
10249.804688	-42.542416
10292.871094	-40.556911
10335.937500	-39.679901
10379.003906	-39.017002
10422.070312	-39.695133
10465.136719	-39.608280
10508.203125	-40.484142
10551.269531	-41.093647
10594.335938	-40.578598
10637.402344	-41.346531
10680.468750	-42.832466
10723.535156	-44.967751
10766.601562	-45.059525
10809.667969	-47.126869
10852.734375	-47.946178
10895.800781	-46.941193
10938.867188	-46.628925
10981.933594	-44.585865
11025.000000	-42.579182
11068.066406	-40.891571
11111.132812	-40.447933
11154.199219	-40.792606
11197.265625	-41.102303
11240.332031	-41.059212
11283.398438	-41.776447
11326.464844	-42.738148
11369.531250	-44.324760
11412.597656	-45.266487
11455.664062	-45.278133
11498.730469	-43.608868
11541.796875	-44.408985
11584.863281	-45.043022
11627.929688	-46.600815
11670.996094	-49.706940
11714.062500	-51.447975
11757.128906	-52.182034
11800.195312	-50.492710
11843.261719	-49.909134
11886.328125	-48.299305
11929.394531	-47.935673
11972.460938	-47.211979
12015.527344	-48.875751
12058.593750	-50.793293
12101.660156	-48.559864
12144.726562	-47.847866
12187.792969	-45.284817
12230.859375	-42.331810
12273.925781	-43.346340
12316.992188	-45.867161
12360.058594	-45.559113
12403.125000	-45.990345
12446.191406	-46.859303
12489.257812	-47.193710
12532.324219	-47.597054
12575.390625	-47.605175
12618.457031	-46.643658
12661.523438	-47.444508
12704.589844	-47.386314
12747.656250	-46.652828
12790.722656	-48.181053
12833.789062	-49.149303
12876.855469	-47.984802
12919.921875	-47.626774
12962.988281	-49.298702
13006.054688	-49.189079
13049.121094	-48.379364
13092.187500	-49.133675
13135.253906	-50.038742
13178.320312	-49.573284
13221.386719	-48.699093
13264.453125	-48.220749
13307.519531	-47.531956
13350.585938	-47.441620
13393.652344	-45.631004
13436.718750	-44.930691
13479.785156	-45.316025
13522.851562	-45.777676
13565.917969	-46.262554
13608.984375	-46.642651
13652.050781	-47.564373
13695.117188	-49.773010
13738.183594	-51.995129
13781.250000	-52.769623
13824.316406	-53.144131
13867.382812	-53.609589
13910.449219	-55.099960
13953.515625	-56.211811
13996.582031	-55.637806
14039.648438	-54.133904
14082.714844	-52.536720
14125.781250	-52.170712
14168.847656	-52.479897
14211.914062	-52.111172
14254.980469	-50.448799
14298.046875	-48.895542
14341.113281	-48.014637
14384.179688	-48.421494
14427.246094	-50.573215
14470.312500	-52.225334
14513.378906	-56.201508
14556.445312	-54.131695
14599.511719	-53.359772
14642.578125	-55.714767
14685.644531	-54.999229
14728.710938	-54.762421
14771.777344	-55.477158
14814.843750	-55.436977
14857.910156	-54.902824
14900.976562	-55.846939
14944.042969	-55.735649
14987.109375	-54.740944
15030.175781	-55.391617
15073.242188	-55.407574
15116.308594	-54.107929
15159.375000	-53.106880
15202.441406	-52.474281
15245.507812	-51.150299
15288.574219	-50.831322
15331.640625	-52.064034
15374.707031	-55.161819
15417.773438	-56.997700
15460.839844	-55.614746
15503.906250	-53.360600
15546.972656	-52.834820
15590.039062	-53.145882
15633.105469	-54.597584
15676.171875	-57.182568
15719.238281	-58.037807
15762.304688	-57.607510
15805.371094	-56.980530
15848.437500	-56.111740
15891.503906	-55.672329
15934.570312	-56.231720
15977.636719	-55.708664
16020.703125	-56.323410
16063.769531	-56.096409
16106.835938	-53.483116
16149.902344	-54.465969
16192.968750	-58.975700
16236.035156	-54.106861
16279.101562	-52.312004
16322.167969	-54.734333
16365.234375	-55.450043
16408.300781	-55.185516
16451.367188	-54.727959
16494.433594	-55.652084
16537.500000	-58.646099
16580.566406	-60.845562
16623.632812	-61.466488
16666.699219	-61.009212
16709.765625	-60.795231
16752.832031	-57.242371
16795.898438	-53.831913
16838.964844	-52.727879
16882.031250	-52.463116
16925.097656	-54.487614
16968.164062	-56.241344
17011.230469	-56.048641
17054.296875	-56.443756
17097.363281	-57.327862
17140.429688	-58.001366
17183.496094	-57.720203
17226.562500	-59.549946
17269.628906	-58.950424
17312.695312	-55.209614
17355.761719	-52.864689
17398.828125	-51.521893
17441.894531	-50.884342
17484.960938	-51.422760
17528.027344	-54.261528
17571.093750	-52.270363
17614.160156	-50.840988
17657.226562	-53.888458
17700.292969	-57.543961
17743.359375	-59.110832
17786.425781	-58.817619
17829.492188	-56.958267
17872.558594	-57.589581
17915.625000	-61.126675
17958.691406	-59.126373
18001.757812	-56.505371
18044.824219	-54.784309
18087.890625	-53.846657
18130.957031	-55.011734
18174.023438	-54.393166
18217.089844	-53.787422
18260.156250	-53.251083
18303.222656	-51.955906
18346.289062	-50.808754
18389.355469	-51.147934
18432.421875	-53.231777
18475.488281	-53.094311
18518.554688	-50.281322
18561.621094	-49.778088
18604.687500	-48.591221
18647.753906	-48.986446
18690.820312	-48.477940
18733.886719	-46.293346
18776.953125	-46.530174
18820.019531	-47.185356
18863.085938	-48.271122
18906.152344	-49.472683
18949.218750	-51.119831
18992.285156	-53.905392
19035.351562	-55.912632
19078.417969	-56.515289
19121.484375	-58.400391
19164.550781	-59.345924
19207.617188	-63.445473
19250.683594	-60.332706
19293.750000	-55.207439
19336.816406	-55.133503
19379.882812	-55.880833
19422.949219	-53.791225
19466.015625	-52.493176
19509.082031	-52.725853
19552.148438	-53.604790
19595.214844	-53.757320
19638.281250	-52.594826
19681.347656	-52.838951
19724.414062	-53.830345
19767.480469	-52.859943
19810.546875	-51.425983
19853.613281	-51.447033
19896.679688	-52.812000
19939.746094	-54.664818
19982.812500	-56.543686
20025.878906	-58.723244
20068.945312	-61.294220
20112.011719	-64.824905
20155.078125	-70.386200
20198.144531	-78.568230
20241.210938	-89.050285
20284.277344	-101.667366
20327.343750	-120.191551
20370.410156	-128.569000
20413.476562	-131.428482
20456.542969	-136.301544
20499.609375	-136.966293
20542.675781	-135.441116
20585.742188	-138.542221
20628.808594	-136.562149
20671.875000	-137.420517
20714.941406	-139.108002
20758.007812	-138.598709
20801.074219	-138.718048
20844.140625	-140.951813
20887.207031	-142.237183
20930.273438	-142.455811
20973.339844	-142.383240
21016.406250	-140.821228
21059.472656	-140.754929
21102.539062	-139.717468
21145.605469	-139.245102
21188.671875	-138.630478
21231.738281	-138.077667
21274.804688	-137.057571
21317.871094	-137.079086
21360.937500	-138.199936
21404.003906	-141.899689
21447.070312	-143.364624
21490.136719	-141.224792
21533.203125	-140.703568
21576.269531	-141.072754
21619.335938	-143.035553
21662.402344	-142.300385
21705.468750	-140.897369
21748.535156	-142.198990
21791.601562	-143.533920
21834.667969	-144.116653
21877.734375	-143.709076
21920.800781	-140.899734
21963.867188	-139.775925
22006.933594	-141.625366
