Frequency (Hz)	Level (dB)
43.066406	-38.903736
86.132812	-38.297569
129.199219	-36.967335
172.265625	-37.832176
215.332031	-37.182610
258.398438	-36.625122
301.464844	-34.254337
344.531250	-32.282925
387.597656	-28.758659
430.664062	-27.350723
473.730469	-29.189085
516.796875	-31.292278
559.863281	-30.068699
602.929688	-31.457848
645.996094	-34.155930
689.062500	-34.017700
732.128906	-32.976128
775.195312	-30.184429
818.261719	-28.503107
861.328125	-29.061886
904.394531	-30.743708
947.460938	-28.977093
990.527344	-27.838289
1033.593750	-30.079762
1076.660156	-33.627239
1119.726562	-34.939896
1162.792969	-34.317970
1205.859375	-31.101519
1248.925781	-28.712021
1291.992188	-27.048540
1335.058594	-25.857971
1378.125000	-28.108601
1421.191406	-29.499207
1464.257812	-29.623501
1507.324219	-31.156040
1550.390625	-35.503738
1593.457031	-35.354832
1636.523438	-33.933453
1679.589844	-35.028057
1722.656250	-34.841282
1765.722656	-33.634586
1808.789062	-34.966496
1851.855469	-35.989475
1894.921875	-36.226624
1937.988281	-34.292686
1981.054688	-33.609943
2024.121094	-32.731087
2067.187500	-31.964905
2110.253906	-31.874260
2153.320312	-31.746435
2196.386719	-33.396019
2239.453125	-34.889210
2282.519531	-36.007637
2325.585938	-35.824089
2368.652344	-35.857388
2411.718750	-35.878212
2454.785156	-36.668468
2497.851562	-38.140408
2540.917969	-37.256966
2583.984375	-35.785313
2627.050781	-34.953266
2670.117188	-34.980164
2713.183594	-35.588604
2756.250000	-37.409145
2799.316406	-39.569126
2842.382812	-40.467846
2885.449219	-41.397881
2928.515625	-42.154575
2971.582031	-44.390072
3014.648438	-46.980946
3057.714844	-41.897831
3100.781250	-37.119804
3143.847656	-37.621346
3186.914062	-37.597008
3229.980469	-35.955296
3273.046875	-35.227448
3316.113281	-35.871727
3359.179688	-35.330261
3402.246094	-34.998211
3445.312500	-35.849854
3488.378906	-34.465897
3531.445312	-34.410419
3574.511719	-36.291088
3617.578125	-36.875378
3660.644531	-38.541950
3703.710938	-40.126427
3746.777344	-38.197601
3789.843750	-38.212044
3832.910156	-37.946659
3875.976562	-38.358459
3919.042969	-39.116127
3962.109375	-40.372837
4005.175781	-40.713512
4048.242188	-41.968372
4091.308594	-44.324608
4134.375000	-46.694412
4177.441406	-45.732994
4220.507812	-43.916668
4263.574219	-42.225407
4306.640625	-41.108952
4349.707031	-40.433331
4392.773438	-40.668854
4435.839844	-40.867737
4478.906250	-40.801151
4521.972656	-40.752857
4565.039062	-41.181763
4608.105469	-41.574928
4651.171875	-41.535767
4694.238281	-42.134743
4737.304688	-43.860859
4780.371094	-43.532131
4823.437500	-41.983624
4866.503906	-42.271275
4909.570312	-43.367748
4952.636719	-44.766495
4995.703125	-43.835991
5038.769531	-41.562325
5081.835938	-41.634148
5124.902344	-40.837700
5167.968750	-40.836624
5211.035156	-42.134628
5254.101562	-43.101372
5297.167969	-43.610210
5340.234375	-43.464725
5383.300781	-42.545231
5426.367188	-42.846191
5469.433594	-44.539516
5512.500000	-46.407730
5555.566406	-46.919765
5598.632812	-47.603809
5641.699219	-48.371284
5684.765625	-45.717354
5727.832031	-45.487511
5770.898438	-46.200340
5813.964844	-47.546352
5857.031250	-48.360092
5900.097656	-48.571144
5943.164062	-48.798531
5986.230469	-50.327240
6029.296875	-50.328472
6072.363281	-50.888359
6115.429688	-53.288570
6158.496094	-51.926731
6201.562500	-49.643963
6244.628906	-47.929886
6287.695312	-45.971275
6330.761719	-44.794376
6373.828125	-43.752293
6416.894531	-43.735477
6459.960938	-45.082523
6503.027344	-46.622623
6546.093750	-45.280685
6589.160156	-43.191212
6632.226562	-42.298527
6675.292969	-42.551167
6718.359375	-42.514187
6761.425781	-42.843208
6804.492188	-44.310211
6847.558594	-45.151001
6890.625000	-45.430248
6933.691406	-46.639877
6976.757812	-46.557461
7019.824219	-46.782234
7062.890625	-47.433430
7105.957031	-47.918900
7149.023438	-47.652714
7192.089844	-47.255711
7235.156250	-48.701923
7278.222656	-51.915993
7321.289062	-53.672615
7364.355469	-55.060730
7407.421875	-54.694782
7450.488281	-52.996464
7493.554688	-51.774136
7536.621094	-51.360882
7579.687500	-51.468105
7622.753906	-50.166367
7665.820312	-49.798134
7708.886719	-49.879848
7751.953125	-51.015984
7795.019531	-52.207275
7838.085938	-54.022522
7881.152344	-52.918579
7924.218750	-53.120762
7967.285156	-54.776791
8010.351562	-52.094578
8053.417969	-49.408047
8096.484375	-47.492783
8139.550781	-46.446087
8182.617188	-46.835999
8225.683594	-47.680367
8268.750000	-48.217216
8311.816406	-48.903992
8354.882812	-50.668465
8397.949219	-52.201923
8441.015625	-51.752426
8484.082031	-52.593609
8527.148438	-50.873631
8570.214844	-49.223251
8613.281250	-48.841057
8656.347656	-50.398563
8699.414062	-52.341904
8742.480469	-51.942753
8785.546875	-54.180611
8828.613281	-56.694187
8871.679688	-55.117306
8914.746094	-55.575516
8957.812500	-54.655041
9000.878906	-53.094463
9043.945312	-52.267349
9087.011719	-53.340660
9130.078125	-52.452469
9173.144531	-51.093998
9216.210938	-51.998924
9259.277344	-55.599705
9302.343750	-59.745209
9345.410156	-58.047871
9388.476562	-55.862740
9431.542969	-55.220932
9474.609375	-53.879906
9517.675781	-54.594273
9560.742188	-57.148006
9603.808594	-55.575348
9646.875000	-54.274323
9689.941406	-54.127701
9733.007812	-54.972794
9776.074219	-55.537361
9819.140625	-55.809959
9862.207031	-57.231514
9905.273438	-59.957363
9948.339844	-61.354862
9991.406250	-61.268188
10034.472656	-60.000908
10077.539062	-57.370071
10120.605469	-56.163029
10163.671875	-55.352428
10206.738281	-54.558868
10249.804688	-54.543800
10292.871094	-53.096165
10335.937500	-51.426971
10379.003906	-51.382751
10422.070312	-51.481880
10465.136719	-51.341293
10508.203125	-51.656193
10551.269531	-52.460274
10594.335938	-54.620895
10637.402344	-54.573517
10680.468750	-52.204094
10723.535156	-50.200638
10766.601562	-49.106464
10809.667969	-48.729187
10852.734375	-48.421032
10895.800781	-48.458405
10938.867188	-49.003899
10981.933594	-49.959614
11025.000000	-51.113419
11068.066406	-53.142784
11111.132812	-56.720650
11154.199219	-61.115150
11197.265625	-61.626999
11240.332031	-59.087311
11283.398438	-58.635345
11326.464844	-59.122616
11369.531250	-60.191814
11412.597656	-63.923260
11455.664062	-64.796204
11498.730469	-59.344543
11541.796875	-56.078419
11584.863281	-55.290901
11627.929688	-55.265465
11670.996094	-55.803970
11714.062500	-58.437927
11757.128906	-62.329021
11800.195312	-60.413074
11843.261719	-56.872169
11886.328125	-54.918911
11929.394531	-53.445190
11972.460938	-52.203594
12015.527344	-51.609024
12058.593750	-52.218140
12101.660156	-53.520809
12144.726562	-55.818790
12187.792969	-58.581486
12230.859375	-56.608868
12273.925781	-54.016289
12316.992188	-52.532963
12360.058594	-52.169132
12403.125000	-52.355419
12446.191406	-52.383682
12489.257812	-52.701210
12532.324219	-53.846703
12575.390625	-56.409073
12618.457031	-61.655365
12661.523438	-65.151703
12704.589844	-61.486691
12747.656250	-58.815033
12790.722656	-57.925400
12833.789062	-57.727341
12876.855469	-57.703701
12919.921875	-58.453671
12962.988281	-59.125832
13006.054688	-58.945992
13049.121094	-59.046860
13092.187500	-59.175240
13135.253906	-60.152748
13178.320312	-65.231178
13221.386719	-69.643402
13264.453125	-62.451702
13307.519531	-59.287357
13350.585938	-58.449646
13393.652344	-57.188923
13436.718750	-54.576237
13479.785156	-52.906475
13522.851562	-52.826759
13565.917969	-54.095383
13608.984375	-55.403385
13652.050781	-55.070953
13695.117188	-53.211758
13738.183594	-51.699581
13781.250000	-51.222580
13824.316406	-51.712139
13867.382812	-52.519623
13910.449219	-52.909191
13953.515625	-52.892136
13996.582031	-53.307098
14039.648438	-54.459679
14082.714844	-55.311413
14125.781250	-54.839954
14168.847656	-52.863228
14211.914062	-51.506367
14254.980469	-51.151836
14298.046875	-51.311218
14341.113281	-51.824360
14384.179688	-52.680893
14427.246094	-53.602627
14470.312500	-54.858814
14513.378906	-57.646408
14556.445312	-61.482689
14599.511719	-62.164749
14642.578125	-61.333305
14685.644531	-60.694828
14728.710938	-59.974453
14771.777344	-59.448532
14814.843750	-58.761997
14857.910156	-57.850075
14900.976562	-57.250263
14944.042969	-57.139362
14987.109375	-57.078224
15030.175781	-56.850960
15073.242188	-56.562412
15116.308594	-56.270046
15159.375000	-56.289761
15202.441406	-56.704453
15245.507812	-57.477661
15288.574219	-57.995430
15331.640625	-58.147030
15374.707031	-58.400337
15417.773438	-57.708176
15460.839844	-56.184944
15503.906250	-55.468349
15546.972656	-56.179714
15590.039062	-57.560688
15633.105469	-58.242531
15676.171875	-58.407104
15719.238281	-59.143860
15762.304688	-60.653652
15805.371094	-62.945179
15848.437500	-66.415680
15891.503906	-67.786263
15934.570312	-67.438774
15977.636719	-66.922318
16020.703125	-66.642464
16063.769531	-67.057678
16106.835938	-67.690125
16149.902344	-65.688072
16192.968750	-62.145405
16236.035156	-59.531574
16279.101562	-57.973770
16322.167969	-57.037361
16365.234375	-56.637459
16408.300781	-56.494553
16451.367188	-56.883213
16494.433594	-56.757648
16537.500000	-56.798950
16580.566406	-57.704609
16623.632812	-58.459709
16666.699219	-57.712151
16709.765625	-56.625816
16752.832031	-56.311649
16795.898438	-56.677471
16838.964844	-56.657997
16882.031250	-56.179287
16925.097656	-55.546764
16968.164062	-55.002388
17011.230469	-54.890129
17054.296875	-55.222626
17097.363281	-55.966248
17140.429688	-56.857738
17183.496094	-57.840630
17226.562500	-58.971901
17269.628906	-60.530094
17312.695312	-62.352772
17355.761719	-63.442993
17398.828125	-63.149158
17441.894531	-62.139069
17484.960938	-61.657318
17528.027344	-61.550255
17571.093750	-61.502819
17614.160156	-61.433044
17657.226562	-61.414856
17700.292969	-61.644848
17743.359375	-62.312489
17786.425781	-62.953159
17829.492188	-63.407303
17872.558594	-63.535175
17915.625000	-63.244389
17958.691406	-63.064701
18001.757812	-63.068642
18044.824219	-62.908012
18087.890625	-62.661549
18130.957031	-63.223278
18174.023438	-64.068184
18217.089844	-63.762665
18260.156250	-62.927948
18303.222656	-62.690479
18346.289062	-63.585796
18389.355469	-65.029961
18432.421875	-65.410309
18475.488281	-64.513123
18518.554688	-62.508141
18561.621094	-61.417835
18604.687500	-61.948753
18647.753906	-62.261120
18690.820312	-61.659321
18733.886719	-61.623356
18776.953125	-61.787918
18820.019531	-62.685577
18863.085938	-64.619652
18906.152344	-66.695389
18949.218750	-67.957817
18992.285156	-65.912872
19035.351562	-64.347275
19078.417969	-63.618179
19121.484375	-63.025166
19164.550781	-62.137089
19207.617188	-63.175117
19250.683594	-67.102905
19293.750000	-67.180664
19336.816406	-64.414589
19379.882812	-61.501278
19422.949219	-59.759663
19466.015625	-59.642456
19509.082031	-59.623352
19552.148438	-58.699177
19595.214844	-58.052284
19638.281250	-58.479477
19681.347656	-59.420265
19724.414062	-60.305443
19767.480469	-60.529648
19810.546875	-60.074677
19853.613281	-59.745220
19896.679688	-60.164822
19939.746094	-61.226772
19982.812500	-62.847836
20025.878906	-65.262917
20068.945312	-68.630211
20112.011719	-73.170990
20155.078125	-79.346703
20198.144531	-87.477020
20241.210938	-97.329361
20284.277344	-109.314865
20327.343750	-125.388771
20370.410156	-132.990494
20413.476562	-133.584732
20456.542969	-134.668396
20499.609375	-137.259583
20542.675781	-135.825424
20585.742188	-134.611069
20628.808594	-134.302048
20671.875000	-137.152939
20714.941406	-136.837296
20758.007812	-138.313644
20801.074219	-140.999756
20844.140625	-141.371719
20887.207031	-141.511551
20930.273438	-143.216705
20973.339844	-143.489777
21016.406250	-139.929184
21059.472656	-138.019104
21102.539062	-139.775681
21145.605469	-141.192352
21188.671875	-140.132141
21231.738281	-137.471039
21274.804688	-137.961853
21317.871094	-136.197052
21360.937500	-137.946106
21404.003906	-137.984909
21447.070312	-137.359833
21490.136719	-137.300873
21533.203125	-139.762787
21576.269531	-139.645920
21619.335938	-139.946365
21662.402344	-140.673874
21705.468750	-141.173737
21748.535156	-143.411346
21791.601562	-144.524719
21834.667969	-144.501099
21877.734375	-138.327057
21920.800781	-135.285599
21963.867188	-137.633270
22006.933594	-137.908752
